0111111001000111000011101011101001011110000001111001000111001111100111011000011100110111100000111110011010010111101111110
01111110111000100101100011001011011011111000110010011111001100110110100110110111000110011110000011011111011110111001111110
01111110000001011011110101110111000001110111100001001001010000111010001101011010110001110011100111000100011000001111110
011111100010010111110100000100001100100101000000110011100000101100010000010111011001100111101011110011110001000001111110
0111111000010000101011101110101001101011110100001001000000111100101010011011111000111000011100101010100011111010101111110
0111111010100111110011011011000101101101010111010100001011000111010000111110100000011010101011011110100101101000101111110
011111101010001101100000100111101010001010110011110110100101100010001111101110101101000001010000110001101101111001111110
011111100111110110011101100010001111000011000111000010000000000100101010000111010110111000011101101101000010011001111110
011111100100010101111101110001011111010001000110111000001000100100010000011010111000110110110011111000100110011111001111110
011111101100011100010000101000011001011100010111100111000111110111011010110101101100000110110010001011010010001001111110
0111111010111001011001100111010101000010110101000011110111011111010110110000111100010000101111001111101110000000001111110
011111100111100100111000010001100010001111100010000001100000110100000111010001001011110110011011010000100011100001111110
011111101010000110101111101001111100001101111101001100000110001100101100111110111010101111010000000000010100001111001111110
01111110000100101100011011101100111011100010111110001001000111110000000000010111000101011111010110001010100011100001111110
011111100110011000011110010111011010010100010110000100010000111001101001000001010101001111101011011011100010111101111110
01111110101010001010101000001010100010010100001010000110111100001010010011101010001110010000010101100111101010101111110
011111101000000001100011010101011111011110100011001001000000101001100100100000000001010110010011100000001001100001111110
0111111000110111001110110010100001011001000111010011111000101011011101110101011101010011111011010000000010010111001111110
01111110010110111110100100001111101001101010111000010010011101111101011010010110011000110011110010001101010011110001111110
01111110011110011001111101110000010110101111100111010100110110100000001111011011110011111001110101011011010000000101111110
011111100100010011001011111001110011000010000000101001001100001101000000111010110110000000100001100000111001000101111110
011111101100001001011010000111010101001100010101000101011011001100011100101110110111110000100110111010111011001001111110
0111111011110100101001001110011010111110101101111000110101101010010011000101001001110001101101100100110101111101001111110
0111111011011011010010010010011111001101000011000100100011101000111110110000010110100001001100000101000101010010001111110
01111110011011110100011110110110010101001001110000001011001110011101001001110011000011110000101100000010101001101111110
0111111000110111000010011001111100000000000010110111001110110000000100100110011001101011111000100110100000111011101111110
011111100111011000011101110010111101011010110001101001111100110111011001101001001101110011100100100101111000011101111110
01111110001110010010110000001110100100100101000001110111011110110111011011110001010100010010100011011000010100101111110
01111110010001010101100000001100111110011111000110110101100010110100110111001001110010000110010111110011100010111001111110
0111111000101011111011111001011110100100001000001010111100011101101100110001001000110111010110000011101101100010101111110
011111100100100110100000100100010001110011000000111110100000010000010000110101110100111001111000100011101001011101111110
0111111011101001000000110100000101010001010000011000000111110110101000000110010000101011111000011000011011100011101111110
01111110010101011111010011100000110000101101011111010110111110010001100111011101001000001000000111001101000011101101111110
0111111011011101110010000010000010110010010111110100101011010000100000000000110101101110110000011010011101011111001111110
011111100101010011110100100110110000001100101111011000001111101011010011000011100100010100001110000001010100010101111110
0111111000111100101110010111110001000110001000101011011110010011111000111100110010111101100011001010011101100110001111110
011111100001011101000000000011110100111010000111100001101001000000100001010100001011011111010011011110110000100001111110
011111100111110001010100110000100110000011101001100000101100101001100011000110101100110110011110000010010101101101111110
011111101011101100011111011010011111001111011011001111001010010100010100011011001011111010000000111101010000111110001111110
01111110100101001101000011101011100111011101100001100101010011111010101111101111100100001000010000011001100111000101111110
0111111001100100001100000110010100111101001010011101001111100000010110011011010111110110101011110100001001101000001111110
0111111010010110111101100000111000111100000111110110100010000110001111101100000010001101110011001110011010011100001111110
011111101001101110001100111000100100111011000011100001010000101101010101111101110101001000110011110010000111011101111110
0111111011110110010100000110010011111001010001000010101011110110000110101001110100111110100000100101110000010111101111110
011111101011011100100111110001001110110110011100011111000111110000000001111101011011110011101110101100110111011000101111110
0111111011010111000010100100100011010010110111010010101011011011101101011101001011001010111110110001001101011111001111110
0111111000111110000100001011100101100110101010000110100010101111100001010011100010000001010010000110011011110111001111110
01111110100001100110001011011001011000110101100101010111100101010100110101001101001100100101101111010111010110001111110
0111111000110111110100100011000101111000111001010101000101011000111110110010111011001100111100011110011100000101001111110
0111111010010001010110110100011010111011100101110101011000010110100101001000110111101010010111110000111110101100001111110
011111101010001110000110101101001010001000101010011111001000101001101111010000011001101110110010011100000000111001111110
01111110111000001011000011000111100001000110001000101100010101101100110101001111011001100011001101000101100001001111110
01111110000001110110110010010001011000100100010101100111000000011000101010110000101001000011000000011101010100001111110
011111100110000001011010000111101010001001110000010010100011111000101000101101011001010000001001101010101000100101111110
01111110110011100000101001100010111110111110000100001000110101001010101011011100000110101011111010000000110011100001111110
01111110010100111110101101110001111011000011001000001100110110010111011111000011010011000101010111110101101010000101111110
0111111000000001001000101110000011011000111110010100110111101001110001000010111110001110000011110010100110101101101111110
01111110000111001001101011101011101000010100011011000110010010001111001010010110110101010001110000001011101010001111110
01111110111010010100011001010101100010110000101000001100101110001010010010111000100010000110100110101000000010101111110
011111101111010010010000100101011010000010001001010001100110001000111010100000111110111000111001110101110010100001111110
011111101101011110111010100111000011010110011110011011000001100110001111101000101011101100000100110111011100010101111110
0111111001101001100000101001111100001001100001101011010101101011010001111101011100101100001110111100011110100010001111110
0111111001010111100101111100011101010001010100100011100000011000001011100100011001101011110101000110001111101111001111110
01111110001100001010101101110110101101100011000100010000000011001100000010101111010001110101110100100010011110101111110
011111100110111001110001011100111000000010110011111010001010001010100100010100110111101000000010111101010100001001111110
0111111000011101000001000001111010100101010010111110111101001011001000000111001110000011111000011101000011011000001111110
011111101001000010011000101011011110111010100000011110011100111010011101001001111100011110011011001100101100011101111110
01111110011001110011100000111010110100000110001001110110001110100110100011110111010101010100100101100110010001101111110
011111100110101100111000111001101011011001010000101100011111010000111000110001100000011010110011100110000101100101111110
01111110100010011100111100101010000001000111100100101000000001100000110100111001000101000011011001011001000011101111110
01111110000111010111001111001010000111100101000000110010110000100000011100111010111010110101001110011001010111101111110
0111111001101100101010101111101001101101010001101001001101000111101111100011111001001110111110011010111110000001110001111110
011111101100001010000111101000100011001001011100101110001110110010000011010001110111011011010100110101110011111001111110
01111110101110101000110001000111110111011010001001001110110001000101101111101100001011010110111011011111001010100001111110
01111110111001101010100100000010011111011111000110111010001101100110010001110110000010001001101110011011111010000001111110
01111110000010100000101110000101110010110110101011110101000001111000001101100001100000100000101101000101011011101111110
011111101011110001100001101011100111000100111110100001110010010000011101011110101010000100100011011101100110000001111110
0111111000001001011101111011000111001111100010111011000110100101101111101110100100000100011010000010111001010000001111110
01111110010101000001010010001000110010011001001100001001101000100000100101110101101000011101100100011001111011101111110
0111111010010101010100111011111001010101111001100000001011100011111000100101110010100011000101110000000000010110101111110
011111101010111110100000111011111010000011111000010001010001000001011011111011001001000001100110111001001011001100001111110
01111110010010001010101101011000011100001000000001101101001011001001100001000010001101010101101011100111010111001111110
011111100100111110101100001110010001110101001100101001011110011110011101110000001100110100100011100011011001010101111110
01111110000111010010110111110111110011101111011111000000110100000101010110100010110111000000110110100000100011101001111110
01111110011000001110100000100011010010001100001111010101010011100100000001110000110101110010000100011011001110101111110
0111111010101111100010110001110101011011101000101011110110000100011100100011001011111011100010100110101110111101001111110
0111111010010101100001010101101000101001000111101001011000100101010111001111100100101111101000001101001000000000001111110
011111100111010011001011101011000011101010000010100110011110011101010100000111010100110111110110000111100101010001111110
011111101101010111110110111000101001110001001101110011011011100001001100010010111001001000101000001110100101110101111110
01111110110001010000001100001001010101010010111000101011000001001110101010001001000101001110011101011001000101001111110
01111110001000111010000001010111010111011000110001010101010011001111101000011000111100110001100001111100111110111001111110
01111110110011001011101000001100110100000011000101100110010000110101001010100101011011101010000101010011110111101111110
0111111011100100000110110010100010010011000101111001110100011001010010010001101011111001100011100100111110111010001111110
0111111011011100000010000000011011101110010000011001110011111010111000111110001100000110001011101101010111100111001111110
011111100001110001011011111010000100110101001001010101110001011110110001001110001101000011000000111000111101000001111110
011111100010110111001111000101110010011010111110111011000111011110001110000111010010101111010001000000101010100001111110
0111111001011111001011111000011110101101010010011001100110000101011011011010001000101110101000010001011100010100001111110
011111101100001110100111100100110101001010010000001010100100000011110011111000101001010001011110011100110111000001111110
01111110111101111101111100000011100000111110110011000111000110010100101010001100111110110110011111001101000111110110101111110
0111111000000000101100000110001110100101100111000011110011000111000011111010110101110110111000011011111001010000101111110
0111111001001100011011011110001101111110
